-160
-40
-463
-397
-146
-36
-490
-128
-396
-117
-144
-499
-109
-382
-25
-35
-318
-274
-114
-291
-400
-60
-443
-394
-88
-160
-215
-78
-176
-260
-265
-117
-350
-319
-208
-104
-213
-88
-409
-97
-432
-35
-226
-445
-307
-350
-2
-310
-369
-259
-143
-285
-281
-346
-228
-459
-164
-53
-184
-317
-162
-251
-91
-385
-199
-355
-58
-321
-97
-157
-464
-207
-255
-179
-435
-108
-308
-35
-74
-437
-29
-288
-42
-27
-221
-78
-178
-301
-336
-287
-147
-151
-1
-115
-435
-372
-428
-361
-319
-273
-202
-1
-199
-127
-122
-1
-92
-303
-258
-155
-74
-89
-181
-323
-130
-111
-135
-101
-115
-235
-80
-84
-292
-393
-473
-453
-307
-348
-406
-205
-9
-492
-67
-284
-485
-270
-470
-446
-157
-56
-89
-444
-73
-207
-111
-494
-247
-154
-293
-129
-223
-304
-104
-80
-443
-410
-381
-322
-200
-473
-301
-127
-295
-427
-309
-368
-269
-359
-102
-384
-420
-10
-32
-340
-133
-262
-100
-389
-250
-191
-418
-342
4
-425
-262
-448
-389
-195
-317
-358
-343
-91
-127
-242
-477
-361
-289
-383
-345
-329
-267
-451
-51
-95
-55
-26
-454
-135
-180
6
-97
-98
-302
-190
-96
7
-5
-118
-435
-307
-96
-9
-421
-195
-77
-324
-176
-294
-342
-318
-344
-139
-295
-240
-47
-275
-413
-303
-285
-173
-69
-490
-270
-10
-130
-422
-439
-487
-18
-203
-285
-157
-2
-491
-445
-61
7
-330
-189
-492
-493
-432
-201
-234
-411
-282
-288
-472
-317
-126
-289
-222
-136
-163
-351
-283
-322
-331
-195
-373
-498
-494
-102
-315
-85
-472
-159
-136
-59
-254
-341
-334
-401
-224
-41
-399
-352
-456
-299
-223
-367
-286
-178
-145
-165
-46
-363
-361
-302
-21
3
-414
-37
-368
-454
-15
-191
-1
-220
-116
-161
-435
-203
-322
-26
-396
-98
-30
-267
-81
-255
-244
-81
-325
-26
-39
-215
-123
-346
-438
-312
-445
-272
-312
-247
-11
-110
-462
-43
-174
-427
-113
-164
-295
-79
-404
-225
-136
-305
-23
-24
-64
-483
-83
-62
-320
-159
-293
-448
-166
-415
-239
-388
-182
-423
-218
-7
-213
-132
-219
-248
-209
-321
-244
-196
-154
-179
-340
-400
-443
-86
-68
-137
-477
-360
-321
-47
-492
-271
-454
-173
-420
-257
-433
-143
-321
-37
-294
-360
-35
-108
-105
-298
-288
-98
-67
-13
-192
-368
-107
-93
-379
-444
-166
-10
-398
4
-168
-382
-372
-316
-477
-225
-121
-319
-384
-436
-406
-81
-496
-473
-477
-116
-171
-169
-311
-348
-297
-380
-303
-136
-448
-291
-428
7
-187
-357
-184
-491
4
-14
-216
-317
-379
-449
-481
-186
-61
-475
-396
-91
-6
-242
-12
-15
-328
-273
-458
-345
-215
-11
-331
-306
-43
-87
-271
-201
-318
-217
-398
-283
-188
-108
-120
-291
-498
-170
-196
-467
-425
-108
-37
-67
-188
-203
-334
-225
-270
-208
-437
-10
-329
-169
-405
-33
-320
-341
-148
-104
-419
-436
-403
-18
-52
-338
-351
-408
-25
-204
-489
-447
-92
-187
-204
4
-275
-228
-97
-181
-183
-124
-286
-46
-54
-290
-382
-370
-330
-460
-56
-441
-231
-20
-94
-110
-357
-145
-211
-305
-370
-275
-453
-498
-387
-137
-175
-453
1
-390
-289
-328
-81
-370
-219
-364
-82
-208
-42
-139
-416
-212
7
-10
-416
-410
-451
-440
-371
-433
-200
-462
-41
-447
-111
-398
-461
-361
-443
-357
-184
-35
8
-349
-215
-329
-322
-1
-466
-427
-127
-106
-286
0
-409
-270
-92
5
-142
-215
-254
-14
-135
-254
-463
-432
-170
-157
-72
-498
-244
-385
-234
-343
-203
-84
-479
-25
-337
-278
-447
2
-318
-67
-201
-418
-138
-367
-316
-282
-349
-155
-488
-52
-67
-471
-180
-330
-476
-438
-428
-271
-184
-187
-446
-162
-134
-485
-163
-363
-52
-441
-384
-334
-342
-124
-142
-21
-310
-118
-60
-125
-319
-170
-358
-353
-441
-126
-362
-394
-32
-217
-258
-253
-220
-459
-477
-146
3
-393
-354
-226
-279
-272
-397
-258
-437
-128
-51
-54
-383
0
-84
-338
-70
-282
-241
-476
-331
-489
-485
-94
-262
-34
-131
-463
-444
0
-266
-302
-202
-106
-466
-466
-105
-131
-173
-107
-441
-10
-370
-368
-422
-67
-317
-94
-265
-210
-462
-410
-123
-314
-114
-206
-167
-499
-480
-325
-95
-497
-359
-388
-418
-369
-362
-326
-117
-443
-59
-75
-144
-58
-367
-303
-481
-275
-62
-99
-263
-231
-267
-166
-491
-466
-487
-91
5
-384
-272
-126
-327
-334
-348
-319
-423
-369
-244
-251
-33
-261
-184
-127
-33
-68
-448
-304
-349
-471
-25
-37
-167
-405
-366
-208
-58
-138
-393
-392
-209
-413
-295
-447
-354
-250
-238
-461
-59
-90
-154
-483
-303
-387
-484
-493
-426
-440
-443
-370
-279
-332
-14
-102
-455
-139
-172
-274
-362
-174
-229
-187
-164
-60
-380
8
-396
-207
-56
-177
0
-235
-203
-179
-362
-333
-156
-226
-295
-319
-128
-440
-22
-279
-410
-79
-391
-250
-144
-122
-253
-361
-355
-79
-227
-143
-494
-339
-422
-266
-41
-480
-162
-38
-458
-87
-27
-236
-63
-371
-277
-454
-128
-155
-495
-159
-360
-9
-347
-393
-445
-127
-147
-7
-221
-376
-127
-487
-68
-303
-125
-217
-391
-46
-193
-28
-158
5
-486
-373
-25
-204
-245
-497
-170
-500
-365
-80
-243
-308
-385
-142
-261
-142
-257
1
-182
-438
-242
-259
-313
-374
-484
-398
-29
-11
-271
-160
-42
-243
-265
-172
-332
-193
-248
-31
-65
-59
-260
-203
-495
-299
-100
-6
-407
-402
-90
-441
-24
-17
-27
-469
-435
-366
-154
-283
-392
-251
-258
-454
-371
-442
-401
-43
-332
-427
-198
-257
-293
-157
-343
-380
-28
-381
-156
-63
-356
-231
-35
-61
-102
-481
-414
-409
-274
-222
-51
-37
-130
-52
-181
-185
-322
-255
-30
-299
-408
-312
-420
-268
-114
-437
-449
-19
-332
-459
-13
-489
1
-476
-364
-43
-141
-225
-307
-372
-423
-235
-100
-238
-201
-48
-213
-269
-213
-65
-411
-46
-449
-409
-497
-145
-294
-126
-478
-90
-442
-347
-203
-325
-487
-24
-20
-417
-227
-293
-301
-425
-19
-186
-163
-397
-288
-114
-320
-217
-282
-21
-385
-291
-421
-129
-391
-340
-106
-23
-232
-259
-239
-441
-470
-216
-274
-200
-113
-91
-131
-243
-154
-403
-58
-74
-95
-190
-285
-220
-34
-113
-87
-184
-127
-485
-410
-233
-494
-435
-200
-45
-393
-101
-170
-78
-91
-389
-26
-222
-486
-27
-246
-469
-339
-472
-29
-45
-432
-432
-158
-118
-173
-365
-92
-377
-445
-127
-285
-284
-287
-104
-272
-268
-329
-439
-436
-215
-308
-389
-249
-264
-40
-144
-426
-20
-198
-67
-387
-426
-281
-199
-390
-373
-166
-217
-387
-341
-370
-230
-104
-345
-21
-206
-498
-79
-91
-436
-46
-29
-217
-124
-220
-100
-187
-428
-324
-145
-132
-267
-385
-392
-196
-146
-154
-135
-492
-479
-95
-327
-265
-403
-359
-401
-180
-321
-200
-419
-99
-84
-431
-425
-404
-151
-322
-473
-98
6
-50
-330
-115
-364
-113
-357
-195
-245
-204
-490
-9
-164
-284
-471
-496
-362
-409
-173
-460
-71
-72
-299
-11
-153
-169
-37
-473
-263
-135
-29
-347
-429
-20
-238
-68
-439
-406
-357
-30
-322
-290
-379
-194
-408
-106
-366
-218
-340
-51
-225
-236
-29
9
-259
-389
-479
-186
-231
-445
-498
-151
-496
-128
-268
-420
-411
-484
-240
-464
-9
-406
-433
-314
5
-261
-192
-269
-263
-473
-166
-128
-22
-361
-481
-261
-442
-418
-319
-209
-381
-364
-458
-255
-407
-59
-203
-485
6
-326
-180
6
-346
-308
-269
-114
-260
-11
-43
-5
-187
-273
-437
-333
-109
-33
-394
-86
-135
-485
-306
-435
-268
-399
-377
-498
-154
-1
-306
-132
-260
-79
-96
-327
-187
-347
-203
-8
-42
-337
-494
-389
-395
-210
-204
-404
-410
-240
-27
-171
-483
-269
-483
-284
-128
-130
8
-415
-441
-400
-246
-48
-486
-379
-381
-259
-323
-449
-454
-3
-124
-183
-468
-81
-304
-82
-120
-59
-450
-354
-67
-104
-118
-79
8
-375
-105
-273
-186
-359
-289
-306
-70
-146
-260
-325
-453
-188
-482
-22
-150
2
-192
-61
-6
1
-43
-449
-237
-272
-175
-300
-312
-325
-69
-244
-300
-447
-274
-303
-242
-323
-211
-74
-248
-352
-22
-69
-213
-155
-128
-390
-65
-216
-390
-499
-188
-332
-117
-19
-9
-327
-436
-190
-354
-131
-321
-42
4
-223
-228
-194
-405
-25
-472
-128
-470
-265
-79
-483
-274
-152
-318
-475
-159
-353
-397
-356
-433
-400
-266
-90
-490
-467
-348
-40
-456
-65
-214
-353
-17
-38
-176
-277
-311
-245
-484
-61
-134
-144
-428
-301
-400
3
-169
-412
-254
-164
-232
-237
-478
-124
-83
-469
-159
-453
-130
-257
-42
-195
-31
-395
-158
-306
-276
-281
-443
-117
-383
-100
-130
-462
-139
-204
-193
-286
-101
-357
-76
-91
-198
-496
-24
-17
3
-426
-239
-140
-3
-400
-13
-422
-77
-435
-466
-11
-60
-65
-324
-189
-252
-379
-461
-307
-455
-213
-380
-48
5
-263
-454
-144
-183
-120
-349
-468
-180
-122
-198
-303
-420
-332
-79
-47
-378
-314
-433
-243
-122
-436
-112
-155
-436
-308
-83
-21
-169
-125
-335
-344
-112
-156
-231
-139
-218
-225
-33
-294
-300
-374
-431
-437
-227
-139
2
-32
-46
-137
-187
-388
-262
-113
-268
-307
-291
-98
-397
-245
-251
-231
-251
-403
-447
-211
-154
-174
-118
-433
-456
-20
-118
-254
8
-54
-346
-465
-81
-494
-386
-476
-215
-162
-337
-350
-171
-312
-12
-448
-22
-117
-370
-142
-430
7
-145
-339
-486
-150
-303
-448
-226
-299
-441
-476
-182
-104
-482
-55
-214
-128
-291
-54
-222
-388
-323
-398
-77
-381
-222
-39
7
-118
9
-414
-208
-23
-13
-322
-325
-497
-15
-95
-275
-8
-496
-237
-103
-467
-172
-282
-335
-346
-460
-60
-82
-464
-25
-465
-116
-162
-90
-252
-284
8
-476
-121
-434
-80
-493
-460
-294
-299
-494
-234
-251
-333
-105
-423
-399
-349
-200
-185
-359
-413
-334
-491
-433
-271
-165
-428
-296
-498
-202
-413
-21
-467
-138
-300
-402
-149
0
-409
-190
-462
-165
-496
-219
-84
-362
-105
-313
-290
-18
-235
-159
-344
-41
-27
-347
-266
-260
-138
-195
-36
9
-171
-309
-326
-345
-418
-255
-410
-340
-391
-263
0
-50
-396
-373
-252
-311
-221
-256
-401
-195
-381
-404
-209
-94
-331
-76
-367
-67
-368
-148
-60
-51
-431
-114
-457
-357
-331
-168
-190
-328
-231
-425
-291
-492
-47
-241
-473
-344
-102
-337
-409
-455
-38
-248
-368
-347
-374
-145
-160
-76
-173
-379
-338
-130
-192
8
-322
-461
-406
-420
-198
-437
-12
-262
-235
-318
-372
-13
-70
-158
-196
-268
-148
-413
-207
-340
-465
-375
-238
-399
-82
-313
-8
-328
-22
-128
-84
-287
-339
-389
-319
-166
-208
-377
-283
-417
-116
-325
-180
-145
-337
-457
-266
-241
-338
-97
-313
-140
-467
-51
-387
-23
-361
-450
-370
-343
-399
-474
-94
-418
-331
-54
-320
-98
-160
-391
-476
-494
-198
-433
-283
-23
-97
-265
-488
-350
-197
-45
-426
-102
-185
-3
-133
-252
-217
-143
-288
-447
-477
-92
-184
-279
-424
-455
-167
-354
-296
-420
-383
-243
-374
-174
-225
-333
-184
-149
-417
-146
-460
-114
-118
-152
-287
-206
-389
4
-351
-394
-59
-111
-18
-150
-487
-460
-160
-149
-412
-2
-148
-243
-480
-42
-348
-413
-240
-275
-172
8
-174
-198
-306
-121
-379
-214
-23
-87
-221
-147
-488
-93
-428
-432
-56
-69
-4
-313
-182
-127
-178
-224
-101
-233
-371
-274
-241
-87
-116
-233
-347
-448
-368
-338
-369
-172
-70
-370
-380
-366
-18
-352
-281
-83
-113
-381
-77
-307
-498
-366
-473
-112
-154
-500
-121
-109
-488
-288
-93
-299
-277
-316
-53
-325
-22
-237
-81
-175
-116
-59
-317
-454
-221
-489
-403
-111
-401
-197
-393
-383
-239
-19
-111
-485
-256
-471
-356
-403
-120
-136
-387
-157
-465
-81
-182
-127
-418
-269
-205
-98
-266
-25
-94
-378
-88
-18
-388
-83
-417
-169
-269
-393
-499
-349
-497
-153
-440
-456
-115
-367
-57
-348
-121
-310
-193
-14
-289
-459
-65
-2
-64
-252
-139
-469
-187
-435
-97
-449
-217
-156
-458
-411
-34
-443
-161
-84
-326
-167
-431
-142
-374
-402
-405
-279
-493
-210
-179
-4
-215
-217
-434
-371
-421
-461
-266
-335
-343
-378
-36
-210
-97
-87
-78
-347
-175
-289
-348
-140
-464
-247
-16
-414
-369
-30
-104
-235
-38
-240
-184
-160
-55
-380
-311
-413
-60
-144
-51
-46
-22
-409
-78
-259
-103
-462
-75
-100
-399
-335
-456
-59
-404
-366
-478
1
-427
-407
-188
-245
-291
-78
-317
-261
-140
-212
-107
-368
-209
-43
-79
-338
-208
-324
-68
-45
-227
-162
-79
-359
-442
-425
-159
-463
-249
-339
-220
-359
-486
-478
-154
-365
-500
-271
-414
-238
-496
-369
-291
-145
-485
-457
-205
-192
-169
-251
-220
-486
-238
-416
-361
-57
-118
-496
-497
-307
-435
-16
-353
-18
-106
-275
-176
-265
-492
-317
-85
-429
-409
-56
-170
-8
-440
-151
-112
6
-453
-376
-49
-131
-447
-361
-420
-365
-339
-10
-27
-431
-138
-178
-408
-398
-415
-85
0
8
-94
-17
-287
-83
-180
-22
-269
-122
-346
-312
-217
-54
-148
-490
-7
-192
-295
-459
-421
-149
-268
-103
-279
-154
-93
-264
-167
-267
-487
-218
-483
-36
-121
-442
-292
-128
-285
-295
-13
-90
-235
-91
-465
-63
-23
-476
-156
-238
-165
-30
-336
-28
-314
-254
-160
-200
-371
-371
-163
-223
-415
-408
-162
-91
-457
-172
-72
-221
-79
-84
-424
-425
-214
-274
-439
-17
-22
-272
-262
-467
-416
-388
-73
-105
-2
-60
-264
-344
-12
-348
-18
-383
-232
-395
-306
-52
-303
-310
-294
-109
-318
-4
-27
-32
-398
-208
-227
-297
-140
3
-275
-173
2
-483
-233
-401
-419
-500
-189
-178
-66
-340
-70
-129
-5
-365
-199
-361
-193
-25
-39
-334
-116
-408
-188
-293
-39
-299
-402
-235
-358
-193
-429
-356
-75
-367
-276
-315
-280
-409
-92
-199
-456
-18
-356
-370
-253
-75
-255
-362
-183
-372
-272
-58
6
-22
-166
-112
-22
8
-13
-108
-131
-199
-168
-428
-239
-105
-110
-94
-408
-22
-18
-121
-116
-469
-419
-51
-417
-476
-326
-38
-315
-69
-11
-329
-58
-245
-405
-301
-490
-48
-367
-128
-478
-1
-59
-420
-422
-230
-400
-366
-232
-482
-25
-147
-189
-383
-475
-185
-239
-51
-121
-245
-374
-255
-329
-373
-185
-75
-311
-443
-353
-400
-107
-410
-12
-415
-407
-27
-91
-127
-412
-31
-18
3
-409
5
-57
-235
-249
-265
-319
-477
-113
-157
-492
-9
-283
-383
-100
-360
6
-332
1
-435
-375
-40
-405
-137
-304
-2
-322
-33
-219
-140
-305
-255
-36
-345
-96
-278
-500
-10
-379
-35
-355
-242
-48
-438
-414
-267
-478
-236
-264
-492
-469
-379
0
-366
-487
-216
-287
-356
-282
-432
-192
-60
-310
-282
-169
-362
-12
-397
-93
-36
-272
-72
-161
-340
-484
-62
-155
-62
-416
-105
-411
-346
-194
-38
-369
-104
-252
-497
-219
-341
-331
-82
-79
9
-365
-264
-353
-368
-244
-92
-70
-180
-30
-79
-412
-152
5
-25
-123
-29
-178
-96
-386
9
-298
-145
-463
-120
-211
-400
-101
-102
-439
-23
-426
-339
-41
-325
-85
-114
-402
-486
-367
-98
-19
-191
-157
-202
-15
-241
-38
-324
-308
-304
-32
-146
-355
-230
-30
-127
-102
-51
-488
-454
-402
7
-103
-444
-454
-179
-208
-65
-89
-95
-447
-30
-328
-77
-418
-189
-416
-420
-108
-359
-493
-443
-265
-332
-276
-43
-190
-332
-7
-481
-426
-439
-471
-437
-104
-145
-158
-84
-373
-460
-443
-409
-42
-43
-474
-144
-13
-8
-92
-479
-146
-143
-256
-350
-231
-351
-150
-298
-286
-46
-204
-129
-165
-270
-331
-262
-129
-60
-119
-381
-31
-48
-388
-141
-325
-149
-311
-240
-112
-431
-419
-59
-144
-402
-39
-426
-194
-124
-148
-174
-265
-122
-447
-118
-122
-369
-65
-410
-169
-134
-450
-446
-124
-12
-223
-318
-96
-34
-144
-492
-440
-231
-333
-93
-21
-313
-196
-485
-83
-389
-96
-416
-229
-277
-115
-374
-471
-157
-102
-44
-455
-102
-441
-487
-215
-382
-334
-182
-264
-199
-226
-30
-258
-23
-487
-403
-196
-241
-83
-121
-495
-45
-368
-419
-301
4
-133
-326
-110
-24
-277
-367
-228
-208
-314
-403
-322
-10
-125
-242
-333
-250
-201
-72
-320
-25
-371
-91
-408
-477
-213
-466
-301
-421
-97
-379
-248
-392
-281
-496
-469
-275
-473
-205
-204
-245
-206
-105
-267
-309
-457
-21
-200
-191
-243
-394
-358
-68
-310
9
-311
-487
-357
-271
-494
1
-257
-20
-355
-170
-99
-225
-165
-247
-412
-247
-301
-89
-385
-152
-43
-52
-82
-420
-29
-293
-411
-42
-256
-391
-30
-79
-268
-368
-176
-402
-110
-76
-492
-191
-425
-142
-378
-244
-327
-180
-89
-67
-222
-265
-301
-207
-455
-262
-455
-495
-305
-237
-99
-39
-452
-60
-28
-307
-254
-17
-341
4
-37
-491
-395
-163
-473
-261
-137
-49
-289
-312
-119
-54
-13
-288
-188
-446
-481
-185
-21
-311
-148
-292
-122
-457
-469
-55
-419
-465
-238
-435
-438
-51
-149
-141
-441
-458
-74
-453
-362
3
-190
-15
-126
-257
-165
-109
-238
-197
-418
-499
-342
-423
-500
4
-347
-95
-114
-425
-139
-465
-319
-14
-243
-171
-487
-486
-278
-343
-249
-153
-396
-388
-291
-73
-267
-484
-368
-316
-319
-412
-455
-270
-67
-90
-88
-204
-9
-113
-291
-21
-340
-4
-332
-281
-315
-453
-259
-425
-103
-164
-383
-235
-405
-461
-389
-432
-230
-336
-252
-134
-375
-196
-65
-285
-254
-152
-61
-188
-192
-105
-160
-474
-331
-463
3
-279
-51
-111
-433
-163
-61
-221
-313
-136
-256
-59
-26
-335
-473
-39
-127
-491
-229
0
-28
-359
-63
-195
-23
-259
-169
-425
-248
3
-431
-365
-278
-460
-405
-218
-296
-85
-152
-466
-219
-215
-263
-241
-24
-142
-163
-216
-142
-165
-121
-284
-295
-20
-451
-240
-462
-362
-206
-213
-210
-168
-480
-3
-441
-1
-400
-441
-130
-422
-21
-199
-310
-206
-194
-146
-9
-433
-410
-122
-121
-179
-115
-183
-235
-62
-159
-407
-305
-88
-233
-5
-277
-448
-34
-364
-405
-310
-456
-355
-225
-295
-138
-458
-237
-144
-6
-215
-16
-33
-330
-250
-153
-458
-409
-90
-155
-366
-262
-368
-266
-97
-435
-386
-474
-251
9
-40
-394
-438
-393
-90
-287
-176
-147
-170
-303
-98
-85
-185
-103
-335
-345
-311
-312
-23
-446
-44
-488
-286
-315
-481
-373
-39
-333
-108
-29
-214
-236
-167
-80
-356
-94
-486
-80
-69
-256
-220
-300
-264
-477
-261
-461
-203
-356
-216
-409
-173
-290
-389
-20
-38
-331
-409
-457
-82
-107
-238
-211
3
-291
-143
-41
-345
-82
-490
-196
-139
-79
-251
-182
-22
-352
-231
-454
-318
-377
-222
-47
-271
-364
-292
-36
-434
-328
-332
-281
-300
-341
-181
-472
-367
-366
-448
-302
-199
-360
-479
-163
-243
-62
-131
-47
-290
-105
-275
-279
-266
-11
-219
-61
-216
-161
-213
-289
-459
-378
-204
-185
0
-204
-427
-229
-214
3
-494
-423
-344
-429
-477
-496
-270
-397
-437
-94
-313
-454
-78
-274
-131
-202
-385
-446
-116
-472
-260
-1
-229
-183
-438
-224
-217
-211
-349
-49
-142
-318
-220
-288
-462
-302
-389
-320
-500
-148
-497
-69
-316
-466
-343
-181
-114
-21
-183
-159
-286
-58
-138
-440
-317
-372
-130
-206
-30
-25
2
-310
-474
-262
-266
-79
-130
-492
-477
-190
-184
-122
-480
-439
-484
-222
-271
-171
-456
-230
0
-213
-495
-247
-141
-455
-12
-119
-96
-104
-440
-264
-492
-262
-94
-107
-463
-386
-244
-62
-37
-152
-218
3
-123
-20
-91
-46
-457
-304
-405
-282
-111
-389
-77
-366
-457
-274
-380
-265
-399
-154
-435
-481
-260
-50
-86
-51
-339
-450
-324
-281
-406
-335
-200
-176
-68
-485
-217
-227
-174
-480
-7
-215
-415
-384
-109
-334
-235
-87
-363
-336
-127
-473
-391
-464
-90
-488
-215
-326
-206
-400
-172
-12
-278
-300
-94
-438
-43
-474
-377
-236
-121
-285
-74
-95
-306
-193
-191
-459
-290
-307
-474
-234
-433
-485
-400
-375
-86
-170
-481
-26
-98
-297
-452
-384
-235
-463
-204
-143
-349
-49
-111
-341
-290
-392
-121
-372
-48
-344
-189
-10
-404
-197
-105
-315
-401
-393
-374
-326
-391
-251
-127
-42
-487
-441
-455
-468
-350
-363
-333
-43
-357
-272
-79
-75
-313
-487
-34
-230
-494
-43
-452
-463
-203
-316
-461
-354
-146
-241
1
-72
-421
-180
-272
-102
-477
-319
-418
-44
-45
-331
-105
-153
-220
-253
-274
-291
-124
-67
-392
-147
-230
-473
-24
-134
-82
-242
-399
-379
-109
6
-344
-118
-471
-445
-32
-448
-385
-63
-327
-141
-296
-167
-311
-370
-230
-364
-102
-183
-253
-342
-248
-99
-171
-415
-275
-320
-479
-250
-355
-259
-194
-278
-231
-216
-474
-50
-487
-278
-415
-333
-34
-34
-293
-274
-52
-349
-166
-263
-100
-438
-345
-100
-95
-144
-105
-255
-19
-183
-52
-465
-478
-467
-222
-486
-481
-452
-487
-159
-350
-27
-117
-77
-498
-27
2
-55
7
-368
-315
-308
-441
-128
-474
-189
-411
-390
-49
-246
-380
-139
-270
-105
-236
-444
-356
-435
-278
-40
-294
-32
-276
-322
-374
-145
-126
-177
-235
-75
-5
-461
-454
-326
-351
-172
-460
-261
-27
-292
-399
-357
-168
-179
-180
-132
-356
-303
-451
-120
-362
-405
-56
-159
-277
-237
-183
-204
-383
-22
-210
-111
-228
-50
-383
-164
-176
-247
-390
-350
-158
-458
-207
-17
-355
-114
-76
-450
-382
5
-365
-135
-383
-465
-441
-401
-128
-367
-398
-425
-437
-352
-309
-108
-103
-229
-491
-307
-27
-199
-166
-4
-137
-130
-236
-22
-164
-367
-286
-457
-492
-314
-116
-315
-402
-400
-452
-348
-51
-480
-272
-181
-219
-246
-454
-222
-166
-455
-55
-203
-340
-104
-195
-318
-127
-399
-341
-382
-206
-420
-369
-325
-101
-4
-407
-157
-148
6
-370
-297
-427
-483
-349
-13
-138
-385
-464
-93
-2
-133
-418
-380
-398
-71
-158
-251
-204
-190
-145
-481
-9
-340
-276
-475
-42
-378
-154
-152
-424
-35
-151
-349
-402
-347
-437
-155
-375
-165
-118
-500
-102
-5
-453
-338
-169
-461
-399
-136
-112
-178
-86
-73
-49
-411
-372
-82
-266
-391
-298
1
-110
-87
-322
-377
-338
-359
-463
-400
-47
-371
-391
-243
-500
-345
-163
-412
-301
-352
-217
-390
-451
-35
-207
-356
-283
-38
-244
-411
-316
-50
-174
-417
-34
-78
-56
-214
-478
-15
-260
-418
-122
-391
-395
-227
-437
-408
-18
-413
-459
-234
-401
-268
-415
-4
-220
-487
-367
-7
-21
-125
-16
-462
-214
-184
-257
-282
-298
-337
-45
-91
-137
-104
-170
-256
-95
-500
-302
-195
-393
-497
-86
-158
-93
-288
-31
-171
-59
-453
-335
-177
-212
-90
-76
-384
-102
-191
-48
1
-288
-106
-98
-426
-451
-195
-80
-460
-224
-410
-135
-150
-257
-9
-382
-101
-293
-214
-1
-194
-107
-378
-5
-251
-391
-326
-224
-264
-296
-141
-500
-43
-165
-408
-257
-250
-380
-312
-395
9
-60
-433
-88
-94
-471
-132
-454
-70
-276
-219
-488
-72
-426
-89
-309
-406
-325
-344
-97
-180
-414
-356
-314
-442
-350
-350
-492
-94
-81
-425
-234
-407
-314
-415
-80
-183
-141
-317
-117
-155
-94
-457
-41
-119
-195
-398
-495
-24
-293
-356
5
-348
-499
-54
-155
-82
-341
-58
-288
-87
-82
-278
-156
-26
-111
-317
-491
-148
9
-429
-363
-191
-381
-2
-453
0
-446
-10
-109
-348
-460
-35
-14
-150
-287
-96
-286
-334
-350
-458
-129
-422
-288
-430
-324
4
-285
-13
-422
-369
-134
-343
-255
-485
-337
-374
-420
-416
-254
-424
-146
-239
-200
-181
-295
-355
-312
4
-433
-258
-283
-83
-34
-218
8
-238
-26
-413
-296
-318
-151
-309
-95
-382
-390
-399
-117
-155
-318
-416
-473
-117
-416
-76
-31
-318
-307
-177
-333
-201
-215
-467
-248
-81
-10
-204
-217
-468
-296
-368
-5
-20
-67
-162
-431
-233
-24
-102
-386
-363
-308
-215
-61
-130
-20
-189
-466
-396
-417
-324
-495
-295
-63
-321
-342
-76
7
-262
-202
-281
-325
-266
-232
-348
-296
-153
-278
-417
-344
-343
-80
-86
-456
-149
-358
-238
-292
-121
-97
-23
-144
-316
-276
-473
-93
-42
-190
-248
-249
-120
-366
-206
-484
-482
-345
-62
-260
-431
-471
-119
-174
-313
-366
-326
-330
-237
-315
-356
-137
-342
-10
-20
-202
-32
-383
-54
-101
-182
-490
-301
-398
-487
-59
-346
-163
-261
-435
-109
-400
-34
-56
-12
-190
-230
-458
-391
-105
-198
-142
-419
5
-474
-259
-179
-437
-437
-281
-104
-400
-407
1
-315
-386
-151
-488
-500
-388
-72
-150
-340
-126
-9
0
-375
-348
-155
-65
-350
-373
-168
-381
-154
-354
-499
-378
-36
-204
-430
-377
-463
-212
-270
-57
-13
-102
-380
-184
-316
-321
-295
-317
-18
-178
-208
-55
-316
-149
-107
-355
-278
-372
-288
-325
-120
-44
-105
-471
-85
-348
-230
-149
-438
-138
-138
0
-35
-399
-85
-269
-418
-416
-477
-459
-463
-5
-280
5
-55
-440
-189
-391
-177
-91
-282
-338
-46
-72
-361
-204
-336
-148
-229
-487
-224
-337
-4
-489
-331
-297
-291
-408
-225
-267
-212
-33
-197
-193
-85
-197
-164
-8
-246
-306
-72
-254
-426
-218
-110
-380
2
-225
-21
-77
-487
9
-40
-344
-282
-125
-98
9
-191
-109
-272
-103
-293
-241
-40
-361
-58
-173
-411
-40
-438
-329
-142
-312
-359
-43
-470
-414
-31
-134
-352
-228
-271
-1
-56
-78
-93
-371
-199
-49
-92
-162
-329
-484
-290
-462
-158
-439
-421
-48
-189
-478
-467
-164
-476
-380
-394
-240
-432
-90
-155
-399
-459
-269
-208
-237
-448
-70
-13
-269
-104
-138
-374
-418
-399
-362
-412
-68
-50
-139
-444
-337
-22
-152
-111
-107
-157
-148
-20
-370
-239
-86
-17
-16
-456
-63
-143
-353
-228
-111
-448
-460
-394
-239
-453
-483
-288
-34
-205
-154
-142
-331
-298
-210
-17
-370
-324
-421
-258
-75
-263
-358
-445
-299
-421
-313
-390
-382
-407
-116
-238
-151
-398
-75
-109
-299
-127
-348
-118
-494
-356
-147
-73
-114
-244
-160
-124
-133
-176
-153
-7
-486
-27
-265
-399
-489
-9
4
-221
-410
-32
-212
-270
-7
-133
-264
-399
-248
-19
-382
-49
-105
-40
-111
-434
-88
-42
-98
-1
-461
-192
-373
-417
-46
-269
-325
-417
-279
-322
-294
-59
-10
-432
-84
-106
-375
-452
-391
-213
-38
-16
-325
-351
-408
-165
-421
-173
-424
-306
-195
-468
-441
-441
-108
-360
-46
-468
-385
-54
-396
-442
-30
-43
-439
-220
-491
-395
-177
-46
-43
-116
-27
-91
-464
-370
-356
-152
-183
-32
-300
-291
-474
-245
-379
-487
-290
-199
-414
-157
-276
-124
-354
-44
-287
-248
3
-283
-373
-34
-31
-236
-343
-431
-329
-167
-98
-254
-102
-8
-468
-33
-279
-268
-59
-28
-9
-209
-158
-31
-62
-229
-255
-493
-382
-254
-5
-18
-216
-328
-325
-246
-277
-461
-26
-490
-440
-63
-139
-87
-177
-218
-397
-202
-72
-339
-29
-424
-59
-410
-173
-380
-333
-253
-334
-223
-137
-336
-356
-414
-227
-343
0
-227
-215
-441
-123
-143
-414
-67
-39
-337
-380
-484
-262
-387
-147
-409
-387
-431
-182
-441
-219
-433
-267
-284
-167
-38
-432
-57
-47
-265
-434
-120
-277
-423
-421
-458
-260
-474
-156
-244
-307
-71
-425
-299
-299
-18
-397
-369
-382
-484
-196
-403
-350
-445
-296
-23
-340
-86
-15
-141
-406
-382
-342
-59
-87
-66
-446
-268
-448
-218
-277
-494
-381
-188
-111
-188
-399
-177
-20
-52
-103
-125
-59
-414
-246
-114
-419
-417
-99
-115
-347
-488
-187
-169
-258
-488
-333
-227
-189
-201
-119
-55
-275
-386
-316
-374
-167
-423
-431
-176
-484
-17
-228
-316
-292
-244
-400
-500
-466
-272
-208
-251
-292
-162
-1
-2
-231
-213
-449
-300
5
-366
-331
-152
-20
-307
-297
-426
-349
-12
-367
-103
-139
-314
-336
-413
-280
-176
-481
-425
-118
-229
-6
-162
-491
-226
-92
-147
-210
-141
-450
-216
-350
-278
-223
-323
-135
-194
-387
-296
-187
-227
-172
-393
-321
-174
-357
-87
-78
-30
-241
-439
-365
-2
-364
-5
-269
-20
-324
-159
-343
-416
-24
-112
-372
-92
-88
-344
-377
-441
-295
-199
-336
-83
-87
-453
-489
-446
-55
-266
-175
-370
-407
-483
-233
-75
-238
-115
-443
-164
-428
-109
-114
-142
-157
-440
-57
-333
-352
-214
-233
-355
-340
-237
-410
-55
-77
-171
-273
-498
-96
-442
-478
-457
-78
-112
-92
-38
-284
-36
-423
-340
-88
-374
-162
-381
-178
-320
-369
-359
-304
-382
-142
-36
-491
-402
-334
-222
-358
-266
-457
-182
-161
-48
-470
-393
-147
-198
-263
-467
-423
-404
-134
-476
-406
-134
-165
-361
-46
-392
-435
-138
-485
-199
-361
-167
-464
-446
-279
-186
-398
-211
-322
-396
-460
-63
-282
-436
-497
-103
-412
-141
-19
-414
-42
-98
-91
-258
1
-296
-46
-272
-406
-125
-435
-459
-121
-233
-350
-432
-4
-69
-443
-426
-259
-20
-228
-284
-365
-198
-67
-373
-137
-163
-351
-310
-284
-97
-481
-108
-149
-135
-399
-479
-234
-28
-397
-110
-312
-230
-223
-225
-427
-368
-198
-272
-24
-129
-243
-468
-85
-326
-278
-252
-414
-61
-463
-93
-153
-402
7
-442
-367
-248
-384
-332
-277
-106
-89
-54
-354
-425
-130
-59
-456
-417
-309
-166
-425
-88
-82
-244
-237
-353
-353
-306
-26
-111
-144
-111
-383
-427
-351
-301
0
-384
-419
-10
-137
-59
-207
-311
-331
-193
-305
-309
-95
-404
-414
-139
-209
-41
-214
-131
-227
-463
-418
-178
-193
-88
-157
-146
-52
-296
-80
-467
-408
-234
-83
4
-179
-118
-159
-184
-32
-53
-364
-83
-415
-284
-359
-220
-475
-230
-217
-229
-51
-338
-280
-163
-453
-202
-451
-352
-280
-490
-9
-29
-269
-296
-485
-243
-227
-209
-373
-481
-291
-482
-344
-281
-384
-167
-127
-177
-113
-335
-59
-71
-395
-392
-499
-127
-240
-349
-241
-498
-100
-187
-487
-108
-184
-94
-31
-472
-150
-238
-275
-185
-385
-102
-245
-176
-166
-46
-309
-112
-391
-252
-34
-456
-349
-410
-472
-393
-253
-399
-171
-360
-377
-2
-187
-389
-82
-102
-276
-15
-321
-174
-237
-200
-95
-58
-238
-133
-184
-199
-140
-273
-253
-155
-230
-23
-36
-74
-434
-450
-300
-23
-298
-214
-128
-63
-203
-376
-448
-310
-412
-258
-2
-190
-167
-377
-351
-136
-446
-463
-415
-85
-101
-87
-260
2
-237
-487
-89
-313
-455
-327
-335
-138
-486
-296
-291
-169
-27
-81
-242
-412
-437
-253
-473
-157
-233
-308
-457
-486
-219
-313
-435
-117
-315
-486
-346
-291
-111
-150
-270
-391
-350
-399
-165
0
-490
-272
-8
-224
-423
-108
-334
-63
-181
-438
-156
-460
-21
-199
-417
-132
-283
-12
-253
-250
-349
-448
-255
-317
-438
-169
-293
-419
-418
-220
-464
-353
-366
-485
-492
-343
-243
-310
-426
-372
-291
-130
-401
-136
-451
-472
-301
-450
-51
-277
-167
-167
-484
-44
-351
-470
-272
-306
-356
-475
-494
-102
-189
-470
-445
-64
-470
-101
-336
-103
-140
-494
-118
-43
-299
-214
-363
-362
-382
-73
-51
-281
-403
-139
-32
-436
-218
-393
-3
-347
-26
-273
-213
-268
-399
-465
-86
-456
-490
-191
-140
-350
-334
-478
-207
-67
-461
-237
-465
-358
-187
-205
-207
-239
-322
-299
-299
-76
-489
-301
6
-69
-412
-410
-278
-292
-9
-192
-308
-33
-262
-251
-188
-404
-192
-387
-248
-341
-69
-26
-125
-143
-145
-326
-234
-480
-197
-214
6
-228
-271
-411
-12
-383
-225
-180
-202
-243
-197
-205
-326
-391
-60
-420
-357
-442
-87
-268
-356
-239
-108
-37
-219
-359
-377
-8
-245
-34
3
-229
-307
-151
-125
-427
-171
-224
-367
-485
1
-353
-278
-247
-64
-243
-99
-282
-415
-464
-175
-400
-325
-401
-309
-420
-205
-144
-427
-497
-406
-463
-97
4
-480
-231
-10
-125
-320
-69
-322
-169
-393
-256
-329
-295
-297
-470
-54
-418
-21
-2
-411
-211
-323
-192
-119
-363
-27
-494
-414
6
-329
-97
-184
-473
0
-303
-321
-172
-236
-435
-281
-483
-189
-253
-315
-62
-286
-416
-224
-226
-300
-129
-78
-243
-131
-251
-190
-245
-35
-161
-70
-74
-129
-194
-487
-53
-132
-302
-10
-157
-274
-324
-267
-81
-7
-484
-460
-176
-74
-217
-418
-494
-391
-210
-60
-170
-322
-1
-8
-109
-25
-41
-152
-463
0
-481
-273
-259
-220
-246
-156
-31
-59
-27
-426
7
-248
-384
-450
-76
-390
-494
-228
-398
-240
-146
-156
-278
-448
-51
-75
-223
-402
-484
-322
-200
-415
-255
-354
-122
-20
-215
-97
-262
-56
-379
-380
-414
-461
-418
-325
-98
-483
-416
-65
-470
-105
-247
-154
-17
-316
-495
-218
-321
-257
-299
-472
-224
-413
-122
-366
-37
-1
-485
-326
-260
-302
-51
-167
-289
-405
-229
-300
-49
-113
-479
-17
-212
-268
-132
-58
-107
-268
-136
-418
-395
-396
-45
-78
-218
-82
-200
-172
-410
-334
7
-285
-185
-472
-379
-323
-254
-104
-390
-276
4
-445
-66
-190
-235
-284
-107
-205
-32
-440
-97
-392
-478
-159
-70
-169
-232
-430
-51
-10
-215
-435
-397
-373
-233
-485
-182
-88
-14
-425
-444
-472
-346
-31
-26
-111
-342
-111
-9
-225
-484
-437
-91
-148
-295
-26
-150
-407
-330
-69
-335
-138
-121
-48
-109
-291
-485
-182
-261
-359
-182
-265
-499
0
-279
-32
-359
-118
-405
-368
-264
-163
-473
-196
-190
-73
-250
-344
-76
-346
-368
-441
-500
-351
-14
-142
-225
-302
-45
-362
-291
-49
-109
-110
-205
-126
-11
-4
-393
-372
-118
-289
-75
-189
-242
-272
-309
-119
-211
-393
-467
-488
-54
-458
-167
-464
-437
-92
-160
-147
-189
-47
-16
-325
-53
-266
-289
-371
-177
-480
-339
-299
-414
-162
-137
-369
-479
-362
-85
-195
-249
-92
-262
-396
-429
-205
-48
-351
-300
-483
-332
-184
-48
-258
-476
-270
-459
-247
-241
-154
-348
-79
-314
-160
-472
-146
-243
-148
-356
-359
-93
-28
-334
-452
-50
-399
-87
-276
-443
-372
-104
-497
-91
-208
-47
-250
-101
-23
-97
-452
-473
-383
-95
-387
-242
-326
-289
-497
-409
-245
-118
-478
-426
-426
-143
-194
-380
-236
-148
-203
-29
-98
-456
-416
-331
-69
-39
-12
-272
-374
-143
-167
-77
-170
-131
-396
-121
-309
-183
-73
-325
-224
-348
-92
-98
-49
-418
-445
-173
-285
-205
-303
-195
-15
-274
-312
-386
-197
-64
-99
-343
-270
-330
-51
-480
-416
-7
-385
-71
-75
-148
-439
-217
-225
-385
-128
-96
-472
-263
-284
-49
-93
-132
-188
-179
1
-359
-150
-348
-274
-41
-150
-69
-428
-99
-63
-253
-136
-423
-276
-256
-347
-3
-427
-466
-299
-378
-328
-495
-372
8
-261
-369
-219
-431
-459
-446
-197
-301
-434
-311
-373
-373
-54
-298
-292
-363
-105
-259
-175
-305
-250
-350
-485
-266
-247
-141
-148
-91
-444
-487
-278
1
-167
-491
-33
-326
-333
-23
-471
-117
-255
-417
-220
-231
-253
-158
-487
-209
-115
-334
-136
-427
-8
-104
-343
-63
-478
-78
-75
-21
-22
-17
-428
-59
-340
-18
-432
-327
-355
-474
-122
-418
-366
-250
-494
-489
-260
-444
-265
-334
-271
-294
-310
-265
-464
2
-247
-305
-171
-21
-441
-429
-358
-297
-167
-268
-385
-333
-347
-472
-107
-470
-254
-251
-37
-88
-248
-57
-5
5
-256
6
-306
-1
-351
-312
-172
-254
-172
-190
-331
-475
8
-144
-490
-67
-293
-183
-142
-338
-159
-48
-332
-386
-476
-252
-476
-63
-214
-157
-350
-8
-142
-284
-499
-304
-482
-12
-357
-455
-497
-433
-63
-312
-51
-13
-74
-316
-109
-431
-250
-495
-440
-303
-183
-380
-84
2
-206
-462
-65
-84
-137
-470
-437
7
-423
-458
-442
-399
-383
-133
-219
-478
-337
-94
-273
-287
-448
-80
-101
-297
-468
-410
-389
-395
-289
-82
-73
-122
-385
-36
-164
-14
-101
-57
-125
-455
-95
-115
-246
-87
-102
-203
-464
-168
-324
-370
-34
-59
-120
-341
-74
-330
-191
-394
-119
-202
-80
-412
-383
-21
-470
-286
-58
-485
-458
-455
-104
-450
-487
-284
-85
-347
-183
-1
-199
-13
-436
-430
-50
-383
-485
-154
-374
-134
-291
-151
-159
-260
-285
-148
-174
-192
-165
-101
-356
-20
-382
-337
-50
-130
-348
-422
-73
-228
-182
-276
-455
-325
-425
-236
6
-272
-318
-402
-477
-463
-478
-218
-479
-159
-49
-318
-14
-421
-119
-177
-322
-296
-338
-238
-475
-373
-351
-55
-339
-236
-276
-179
-190
-27
-258
-294
-286
-248
-429
-117
-40
-143
-415
-152
-27
-376
-186
-460
-480
-452
-112
-226
-406
-431
-239
-169
-289
-464
-348
-435
-442
-157
-447
-431
-241
-98
-271
-87
-190
-340
-63
6
-231
-442
-363
-60
-457
-54
-207
-35
-12
-348
-120
-171
-292
-402
2
-186
-27
-271
-254
-391
-114
-257
-493
-156
-175
-356
-391
-476
-34
-100
-119
-488
-328
-86
-151
-458
-478
-209
-33
-156
-171
-29
-231
-327
-206
-322
-263
-195
-201
-282
-33
-360
-395
-216
-187
-211
-316
-29
-189
-70
-108
-273
-75
-312
-9
-454
-106
-13
-273
-500
-344
-428
-131
6
-12
-181
-290
-23
-109
-379
-23
-114
-140
-330
-247
-196
-364
-349
-199
-214
-387
-154
-311
-407
-191
-464
-178
-294
-288
-472
-374
-285
-409
-383
-113
-159
-133
7
-214
-147
-264
-71
-103
-228
-48
-328
-27
-237
-61
-255
-4
-29
-357
-190
-480
-109
-180
-455
-442
-49
-53
-252
-374
-398
-225
-436
-270
-273
-101
-23
-319
-382
-462
-406
-62
-421
-315
-388
-161
-127
-71
-202
-87
-12
-355
-75
-219
-285
-22
-289
-70
-24
-198
-339
-238
-482
-35
-255
-139
-391
-355
-273
-139
-7
-179
-305
-420
-116
-443
-136
-261
-228
-304
-198
-282
-301
-370
-52
-316
-41
-146
-10
-224
-14
-449
-383
-25
-289
-293
-431
-184
-241
-312
-94
-51
-229
-108
-472
-297
-498
-216
-476
-373
-304
-220
-177
-265
-205
-386
-439
-93
-288
-123
-196
-18
-225
-24
-490
-104
-345
-458
-497
-370
-101
-367
-257
-483
-377
-26
-115
-136
-339
-366
-218
-117
-288
-115
-135
-14
-239
-197
-215
-242
-117
-95
-467
-164
-494
-124
-280
-210
-12
-176
-463
-335
-269
-219
-344
-42
-176
-15
-266
-15
-102
-119
-449
-299
-191
-342
-237
-382
-195
-206
3
-45
-228
-358
-360
-79
-97
-482
-498
-7
-215
-152
8
-12
-127
-489
-120
-163
-1
-431
-105
-193
-257
-122
-94
-390
-496
-368
-472
-70
-339
-222
-305
-229
-411
-364
-310
-88
-59
-75
-353
-296
-111
-64
-5
-175
-250
-414
-34
-337
-420
-119
-17
-479
-4
-4
-258
-53
-194
-87
-87
-301
-469
-178
-284
-301
-379
-151
-193
-77
-296
-384
-493
-129
-439
-363
-498
-312
-128
-469
-480
-359
-28
-392
-183
-100
-352
-338
-49
-142
-367
-444
-39
-62
-473
-360
-187
-317
-440
-79
-346
-140
-168
-245
-46
-476
-407
-256
-133
-297
-92
-480
-124
-409
-216
-478
-25
-113
-269
-360
-365
-74
-402
-378
-211
-147
-17
-54
-58
-388
-243
-167
-435
-136
-321
-18
-214
-420
-488
-397
-416
-38
-265
-146
-352
-168
-241
-128
-45
-188
-20
-209
-388
-32
-446
-221
-372
-286
-66
-193
-52
-463
-14
-140
-271
-464
-174
-160
-392
-284
-66
-183
-131
-306
-16
-207
-314
-208
-76
-157
-491
-38
-377
-181
-486
-23
-75
-60
-480
-480
-153
-248
-389
-79
-478
-63
-8
-349
-371
-40
-340
-234
-204
6
-126
-433
-357
-415
-27
-238
-62
-406
-353
-292
-497
-376
-277
-192
-272
-467
-36
-89
-142
-98
-205
-279
-196
-36
-338
-301
-419
-464
-170
-330
-30
-310
-107
-449
-367
-496
-6
-75
-388
-138
-338
-41
-192
-140
-236
-165
-366
-211
-448
-438
-38
-318
-293
-158
-103
-404
-203
-395
-30
-196
-331
-380
-431
-460
-205
-294
-119
-268
-97
-317
-11
-134
-305
-293
-279
-27
-109
-62
-485
-291
-397
-178
-373
-161
-305
-138
-181
-364
-372
-104
-272
-494
-169
-46
-398
-357
-235
-238
-20
-436
-338
-241
-200
-370
-342
-11
-337
-335
-457
-50
-277
-98
-242
-67
-185
-330
-222
-146
-277
-396
-205
-21
-396
-237
-170
-208
-267
-348
-258
-68
-461
-20
-80
-128
-135
-266
-327
-19
-440
-171
-420
-470
-43
-205
-38
-429
-398
-193
-192
-408
-106
-1
-416
-181
-58
-116
-174
-245
-343
-322
-447
-119
-390
-255
-25
-304
-405
-77
-195
-229
-320
-171
-391
-396
-319
-145
-275
-241
-117
-12
-406
-87
-178
-160
-373
-4
-81
-306
-30
-173
-293
-428
-417
-208
-135
-115
-264
-319
-280
-36
-91
-250
-433
-51
-29
-363
-450
-427
-99
-374
-344
-15
-158
-217
-483
9
-453
-93
-339
-4
-404
-294
-347
-261
-134
-74
-476
-85
-323
-213
-457
-185
-264
-192
-40
-171
-68
-374
-40
-296
0
-490
-284
-289
-326
-147
-231
-362
-282
-368
-87
-216
-351
-382
-219
-438
-258
-245
-44
-73
-179
-304
-134
-348
-104
-406
-137
-495
-498
-455
-467
-314
-151
-346
-94
-179
-443
-396
-78
-438
-64
-81
-172
-456
-207
-31
-177
-309
-160
5
-80
-314
-5
-409
-243
-215
-327
-415
-323
-437
-63
-212
-133
-205
-244
-157
4
-235
-311
-71
-194
-34
-267
-234
-131
-328
7
-29
-339
-460
-257
-216
-212
-129
-85
-403
-67
-368
-246
-457
-135
-233
-43
-421
-251
-244
-444
-401
-178
-125
-213
-22
-230
-207
-404
-393
-36
-311
-243
-289
-297
-487
-111
-129
-500
-266
-275
-54
-201
-141
-113
-347
-123
-25
-108
-192
-486
-474
-354
-203
3
-430
-48
-352
-243
-289
-402
-411
-225
-61
-308
-486
-118
-362
-132
-252
-40
-170
-186
-126
-319
-7
-317
-337
-377
-159
-26
-443
-367
-431
-57
-469
-267
-89
2
-213
-81
-478
-479
-468
-302
-124
-268
-119
-57
-61
-417
-270
-114
-159
-36
-494
-414
-388
-464
-158
-477
-469
-59
-390
-42
-127
-385
-352
-443
-202
-432
-237
-110
6
-408
-2
-466
-21
-324
-81
-463
-358
-321
-418
-484
-184
-189
-75
-208
-257
-498
-302
1
-182
-404
-250
-257
-149
-182
-62
-10
-340
-311
-411
-348
-199
-204
-185
-303
-260
-489
-215
-201
-415
-177
-43
-332
-7
-397
-446
-294
5
-377
-390
-60
-479
-271
-98
-407
-202
-181
-104
-185
-286
-43
-410
-248
-114
-387
-121
-376
-459
-102
-161
-52
-334
-43
-152
-410
-272
-479
-286
-236
-307
-159
-120
-297
-436
-182
-301
-206
-239
-215
-343
-170
-11
-438
-497
-31
-187
-332
-46
-133
-480
-406
-34
-167
-76
-352
-251
-76
-310
-351
-264
-304
-415
-225
-91
-442
-82
-489
-331
-265
-487
-255
-350
-379
-420
-74
-72
-382
-296
-201
-433
-174
-26
-91
-174
-473
-101
-470
-86
-276
-130
5
-369
-471
-44
-372
-459
-93
-225
-38
-167
-418
-297
-488
-345
-116
-456
-411
-491
-427
-418
-237
-28
-76
-135
-383
-295
-426
-45
-19
-473
-418
-352
-382
-191
-199
-41
-163
-54
-221
-496
-487
-257
-240
-481
-439
-28
-338
-345
-180
-138
-270
-484
-391
-269
-144
-415
-481
-172
-494
-78
-371
-285
-255
-397
-115
-224
-353
-313
-28
-433
-61
-182
-382
-302
-354
-236
-440
-400
-147
-16
-46
-391
-32
-120
-356
-352
-53
-181
-308
-83
-138
-293
-52
-197
-375
-423
-3
-320
-247
0
-278
-89
-311
-15
-172
-201
-305
-410
-396
-249
-31
-444
-476
4
-132
-228
-91
-372
-239
-398
-409
-364
-152
-367
-6
-205
-496
-316
-50
-344
-344
-480
-92
-454
-159
-17
-251
-279
-62
-257
-344
-166
-267
-50
-181
-149
-324
-343
-460
-2
-199
-406
-350
-277
-410
-493
-386
-174
-42
8
-298
-90
-391
-448
-199
-22
-289
-214
-78
-77
-182
-492
-61
-59
-270
-26
-33
-470
-94
-417
-296
-13
-292
-388
-83
-9
-284
-91
-417
-59
-77
-238
-291
-255
-102
-48
-426
-62
-243
-453
-295
-289
-392
-132
-213
-346
-474
-165
-350
-32
-376
-121
-447
-479
-387
-122
-335
-3
-250
-118
-496
-136
-8
-418
-377
-38
-260
-195
-31
-41
-5
-455
-492
-69
-69
-195
-315
-144
-244
-465
-208
-322
-115
-135
-183
-377
-452
-411
-158
-218
-496
-357
-305
-305
-200
-205
-142
-225
-118
-57
-30
-272
-282
-484
-78
-109
-172
-78
-275
-28
-73
-24
-389
-256
-394
-477
-419
-316
-477
-417
-427
-115
-162
-178
-473
-316
-242
-417
-258
-499
-2
-56
-282
-406
-337
-414
-440
-445
-485
-480
-67
-156
-205
-130
-151
-332
-18
-58
-377
-233
-470
-196
-68
-393
-328
-31
-498
-341
-222
-17
-353
-176
-240
-342
-129
1
-462
-402
-102
-440
-353
-291
-276
-150
-38
-387
-53
-59
-156
-63
-63
-297
-136
-475
-422
-291
-270
-308
-441
-431
-367
-211
-236
-22
-186
-24
-450
-469
-495
-187
-198
-3
-350
-268
-222
-195
-418
-120
-377
-437
-65
-221
-243
-418
-406
-386
-18
-166
-457
-339
-245
-83
-261
-25
-156
-500
-226
-168
-299
-176
-310
-165
-60
-27
-22
-317
-431
-498
-181
-334
-492
-364
-448
-121
-291
-42
-497
-223
-300
-24
-329
-325
-130
-10
-100
-431
-346
-448
-479
-463
-410
-450
-449
-231
-72
-496
-421
-365
-283
-148
-273
-108
-358
-449
-230
-66
-491
-344
-274
-273
-283
-327
-495
-145
-400
-66
-169
-349
-292
-391
-58
-118
-287
-472
-12
-126
-179
-446
-291
-261
-332
-91
-17
-398
-157
-255
-307
-221
-235
-483
-196
-428
-463
-122
-439
-153
-435
-26
-340
-373
-353
-218
-142
-84
-278
-415
-475
-471
-249
-86
-76
-34
-11
-356
-136
-483
-327
-447
-17
-390
-449
-57
-190
-185
-227
-180
-336
-167
-65
-248
-478
-164
-32
-60
-187
-390
-207
-69
-252
-373
-12
-417
-81
-79
-81
-454
-17
-324
-29
-57
-27
-160
-242
-67
-405
-125
-465
-270
-307
-428
-321
-399
-330
-489
-159
-245
-440
-153
-63
-471
-385
-466
-132
-384
-18
-498
-117
-147
-498
-369
-434
-251
-417
0
-315
-88
-354
8
-375
-416
-133
-76
-89
-242
-443
-199
-471
-28
-362
-119
-93
-401
-207
-456
-173
3
-239
-189
-252
-309
-71
-127
-228
-153
-34
-378
-55
9
-440
-330
-322
-245
-358
-439
-90
-291
-125
-159
-60
-451
-210
-19
-365
-254
-298
-48
-471
-113
-432
-390
-223
-306
-243
-286
-414
-473
-424
-218
-230
-178
-382
-415
-31
-20
-487
-145
-499
-243
-281
-388
-289
-111
-104
-77
-79
-307
-230
-447
-250
-27
-110
-346
-12
-362
-482
-176
-311
-33
-488
-275
-16
-129
-263
-275
-476
-484
-251
-67
-306
-335
-4
-22
-396
-457
-191
-402
-496
-291
-140
-171
-169
-197
-1
-441
-241
-334
-306
-380
-265
-54
-458
-266
-380
-177
-164
-261
-84
-193
-448
-117
-141
-300
-335
-365
-129
-448
-328
-379
-411
-384
-336
-412
-313
-398
-340
-194
-424
-352
-26
-284
-485
-200
-351
-464
-87
-115
-253
-226
-280
-336
-12
-114
-425
-345
-486
-269
-31
-297
-488
-310
-347
-357
-404
-309
-132
-29
-350
-387
-107
-223
-255
-247
-134
-221
-316
-251
-143
-336
-13
-421
-391
-488
-218
-411
-155
-102
-16
-443
-315
-280
-474
-482
-38
-450
-197
-430
-99
-146
-129
-70
-198
-217
1
-101
-382
-32
-438
-414
-305
-60
-481
-472
-191
-449
-447
-460
-492
-198
-329
-268
-291
-101
-398
-191
-335
-33
-145
-296
-451
-108
-435
-309
-474
-173
-61
-90
-284
-50
-500
-406
-149
-459
-214
-6
-12
-160
-381
-56
-358
-412
-140
-138
-53
-204
-18
-139
-447
-16
-291
-486
-254
-469
-355
-20
-374
-335
-471
-343
-243
-229
-435
-66
-493
-214
-305
-182
-368
-397
-231
-353
-31
-61
-227
-280
8
-481
-12
-349
-250
-154
6
-99
-318
-40
-332
-349
-438
-249
-172
-277
-182
-301
-225
-38
-119
-281
-196
-164
-115
-248
-268
-363
1
-386
-182
-483
-404
-140
-268
-157
-118
-347
-54
-119
-119
-177
-188
-92
-22
-456
-40
-415
-225
-434
-4
-226
-462
-405
-425
-89
-426
-31
-415
-422
-302
-69
-466
-123
-22
-98
-429
-99
-58
-290
-273
-149
-428
-68
-213
-186
-425
-451
-287
-144
-372
-376
-225
-130
-90
-303
-482
-38
-401
-88
-88
-134
-466
-13
-160
-477
-253
-301
-438
-293
-223
-158
-77
-306
-437
-116
-260
-81
-187
0
-69
-153
-318
-462
-436
-349
0
-218
-20
-275
-413
-499
-290
-381
-250
-282
-91
-279
-260
-443
-92
-473
-434
-447
4
-45
-198
-321
-197
-468
-467
-381
-407
-375
-390
-153
-87
-4
-375
-368
-77
-116
-144
-308
-494
-481
-19
-382
-289
-193
-137
-372
-141
-144
-129
-308
-75
0
-200
-87
-54
-379
-378
-122
-453
-121
-312
-442
-179
-199
-295
-48
-118
-372
-397
-456
-77
-75
-244
-197
-271
-483
-450
-86
-455
-147
-361
-427
-413
-395
-116
-46
-421
-43
-457
-403
-378
-120
1
-493
-162
-113
-185
-358
-229
-242
-356
-263
-231
-105
-352
-464
8
-194
-64
-220
-270
-498
-383
9
3
-379
-498
-60
-330
-203
-428
-270
-10
-68
-87
-250
-47
-373
-65
-89
-211
-28
-311
-272
-415
-419
-340
-383
-235
-272
-494
-58
-166
-465
-86
-111
-11
-460
-424
-82
-245
-33
-408
-484
-412
-110
-130
-94
-187
-21
-73
-323
-426
-81
-190
-229
-63
-376
-221
-236
-189
-304
-479
-241
-258
-130
-101
-183
-388
-224
-418
-313
-173
-286
-222
-295
-276
-165
-484
-100
-15
-36
-353
-195
-278
-370
-225
-385
-105
-456
-19
-302
-203
-107
-351
-453
-322
-287
-208
-7
-367
-149
-229
-411
-325
-348
-436
-199
-300
-303
-317
-341
-371
-21
-391
-185
-470
-56
-278
-90
-427
-279
-246
-327
-148
-49
-390
-73
-133
-295
-36
-66
-112
-412
-322
-80
-480
-413
-61
-460
-52
-402
-237
-104
-181
-5
-464
-143
-325
-64
-17
-297
-238
-21
-496
-429
-449
-308
-203
-220
-47
2
-111
-269
-339
-201
-17
-158
-194
-359
-305
-358
-457
-175
-275
-449
3
-477
-195
-121
-343
-385
-133
-352
-214
-79
-270
-468
-259
-100
-206
-243
-386
-404
-14
-56
-375
-280
-336
-387
-327
-6
-116
-214
-32
-345
-281
-434
-435
-470
-109
-147
-370
-150
-318
-345
-277
-273
-412
-474
-414
-413
-282
-15
1
-478
-168
-254
-108
-21
-371
-204
-160
-218
-400
-465
-253
-417
-137
-76
-44
-190
-342
-54
-272
-234
-119
-264
-437
-94
-455
-58
-397
-250
-268
-454
-79
-116
-417
-166
-288
-117
-461
-366
-218
-480
-12
-272
-317
-216
-21
-236
-64
-418
-195
-220
-442
-253
-202
-309
-382
-3
-116
-93
-353
-383
-418
-350
-334
-443
-155
0
-241
-416
-96
-340
-408
-209
-229
-280
-18
-342
-339
-179
-230
-442
-20
-438
-89
-421
-51
-344
-184
0
-192
-265
-298
-221
-420
-239
-399
-53
-447
-28
-67
-448
-235
-493
-362
-420
-278
-249
-297
-309
-399
-21
-22
-301
-241
-500
-145
-383
-294
-440
-177
-290
-177
-271
-409
-482
-335
-115
-364
-313
-18
-344
-46
-58
-366
-63
-414
-349
-452
-319
-174
-367
-477
-335
-30
-333
-394
-322
-247
-398
-188
-52
-474
-335
-452
-141
-139
-460
-339
-18
-263
-181
-400
-219
-304
-225
-435
-42
-109
-214
-105
-382
-324
-183
-436
-390
-337
-109
-400
-480
-85
-280
-72
-492
-323
-234
-368
-148
-415
-254
-286
-324
0
-295
-140
-479
-84
-453
-362
-377
-410
8
-477
-489
-144
-43
-298
-307
-214
-95
-108
-478
-197
-418
-329
-356
-211
-97
-30
-485
-112
-312
-205
-87
-174
-326
-316
-148
-486
-84
-169
-302
-197
-205
-471
-100
-415
-317
-214
-278
-300
-87
-386
-155
-142
-205
-255
-404
-413
-88
-418
-429
-312
-372
-57
-282
-169
-494
-415
-477
-418
7
-132
-276
-138
-321
-45
-385
-469
-13
-335
-326
-177
-415
-347
-408
-488
-178
-331
-187
-442
-350
-372
-313
-462
-197
-275
-225
-80
-364
-46
-335
-5
-114
-83
-196
-20
-181
-45
-53
-402
-176
-332
-311
-238
-300
-40
-211
4
-391
-424
-174
-467
-164
-387
-333
-462
-213
-291
-326
-435
-474
-17
-334
-307
-307
-453
-79
-379
-162
9
-110
-468
-60
-500
-6
-388
-377
-368
-321
-101
-110
-328
-416
-204
2
-336
-74
-251
-324
-406
-237
-470
-21
-171
-444
-451
-412
-261
-134
-163
-318
-389
-323
-491
-328
-464
-208
-368
-408
-438
-336
-228
-333
9
-316
-190
-172
-468
-218
-17
-162
-229
-441
-367
-137
-256
-91
-85
-240
-386
-374
-21
-417
-58
-420
-159
-426
-208
-234
-268
-88
-393
-351
-233
-177
-313
-388
-397
-97
-78
-132
-473
-263
-141
-71
-176
-127
-122
-166
-38
-124
-203
-15
-364
-385
-127
-332
-322
-244
-403
-402
-350
-74
-472
-351
-258
-248
-498
-70
-441
-113
-390
-361
-446
-101
-14
-190
-439
-458
-103
-32
-431
-316
-300
-236
-462
-207
-399
-21
-203
-402
3
-191
-340
-32
-390
-425
-410
-207
-442
-450
-489
-321
-10
-46
-68
-300
-32
-405
-138
-153
-43
-143
-131
-440
-66
-206
-300
-84
-224
-266
-18
-45
-436
-423
-258
-36
-290
-357
-490
-294
-60
-236
-220
-32
-260
-224
-373
-28
-380
-471
-446
-198
-128
-17
8
-207
-472
-91
-144
-465
-430
-379
-174
-160
-156
-386
-280
-436
-264
-82
-171
-204
-436
-350
-296
-195
-156
-313
-277
-49
-333
-242
-422
-144
-268
-26
-161
-299
-493
-467
-311
-55
-174
-313
-96
-214
-314
-288
-146
-436
-122
-482
9
-359
-154
-318
-177
-481
-396
-84
-239
-76
-311
-189
-391
-306
-372
-25
-369
-155
-315
-188
-458
-419
-186
-71
-201
-455
-176
-478
-419
-251
-111
-261
-3
-202
-416
-394
-134
-60
-384
-287
-354
-3
-217
-257
-299
-449
-334
-31
-146
-344
-65
-15
-278
-31
-101
-42
-117
-194
-388
-465
-449
-106
-349
-326
-329
-201
-315
-152
-345
-96
-160
-483
-226
-164
-366
-355
-326
-430
-210
-399
-218
-387
-158
-246
-369
-414
-445
-465
-301
-63
-419
-391
-469
-93
-217
-467
-444
-467
-257
-431
-77
-486
-156
-74
-225
-136
-471
-366
-6
-48
-304
-271
-263
-402
-330
-37
-217
-136
-47
-373
-79
-40
-496
-462
-88
-244
-39
-140
-239
-308
-68
-203
-491
-201
-163
-378
-339
-4
-440
-176
-419
-371
-51
-128
-32
-48
-171
-400
-395
-222
-391
-303
-484
-498
-473
-24
-106
-316
-173
-295
-207
-394
-362
-45
-432
-153
-90
-485
-237
-107
-257
-348
-222
3
-417
-120
-479
-40
-176
-205
-189
-241
-75
-42
-361
-96
-16
-236
-175
-101
-229
-246
-130
-428
-234
-49
-251
-218
0
-491
-461
-300
-275
-69
-98
-474
-28
-457
-44
-31
-500
-461
-323
-17
-87
-420
-44
-65
-252
-190
-262
-15
-112
-335
-38
-272
-229
-101
-437
-208
-136
-215
-194
-125
-269
-477
-347
5
-495
-178
-386
-106
-221
-12
-335
-139
-345
-450
-192
-2
-184
-110
-334
-175
-1
-310
-254
-379
-58
-150
-51
-56
-40
-368
-302
-500
-171
-27
-482
-55
-259
-369
-135
-413
-233
-139
-280
-254
-306
-372
-421
-466
-82
-356
-440
-373
-482
-108
-112
-161
-316
-400
-356
-341
-157
-146
-241
-195
-211
-427
-188
-353
-410
-293
-341
-353
-431
-211
-266
-134
-293
3
-31
-259
-23
-217
-100
-437
-187
-148
-439
3
-303
-102
-19
-283
-173
-168
-7
-4
-206
-63
-262
-21
-143
-221
-129
-44
-471
6
-320
-336
-43
-332
-201
-488
-493
-396
-78
-411
-231
-1
-270
-167
-382
-63
-279
-173
-193
-96
-49
-214
-7
-249
-419
-167
-367
-399
-234
-95
-210
-218
-367
-195
-265
-288
-325
-23
-405
-57
-60
-196
-287
-470
-25
-422
-125
-125
-212
-180
-67
-317
-289
-456
-321
-235
-133
-241
-500
-139
-242
-148
-73
-234
-25
-106
-272
-15
-259
-88
-429
-233
-75
-144
-233
-158
-419
-149
-297
-105
-47
-425
-59
-388
-486
-94
-466
-62
-17
-403
-490
-33
-454
-438
-376
-364
-215
-394
-45
-338
-404
-227
-381
-279
-100
-151
-219
-328
-389
-291
-306
-152
-400
-72
-312
-164
-26
-288
-467
-267
7
-33
-39
-74
-156
-375
-198
-197
-327
-360
-11
-28
-214
-364
-459
-15
-89
-225
7
-240
-310
-319
-409
-106
-467
-80
-64
-130
-218
-460
-242
-66
-326
-405
-17
-304
-237
-51
-427
-320
-436
-175
-326
-259
-9
-378
-474
9
-185
-374
-18
-139
-115
-232
-341
-339
-106
-152
-91
-267
-181
-285
-192
-342
-164
-176
8
-81
-381
-217
-281
-284
-349
-244
-34
-215
-33
-252
-112
-205
-487
-308
-167
-184
-168
-70
-324
-86
-286
-345
-179
-353
-447
-17
-21
-224
-316
-301
-131
-411
-432
-211
-298
-394
-165
-346
-261
-384
-140
-246
-267
-186
-211
-32
-27
-215
-61
-107
-499
-301
-422
-239
-458
-346
-311
-401
-153
-158
-134
-362
-19
-406
-150
-414
-432
2
-313
-389
-374
-347
-490
-28
-56
-408
-391
-270
-52
-81
-248
-190
-208
-432
-64
-36
-147
-24
-454
-472
-456
-48
-124
-230
-453
-452
-243
-23
-241
-492
-394
-75
-435
-343
-487
-51
-82
-462
-267
-333
-102
-365
-99
-149
-411
-320
-447
-382
-199
-391
-422
-384
-78
-383
-74
-45
-470
-480
-463
-182
-109
-416
-422
-192
-3
-144
-87
1
-157
-279
-303
-150
-78
-184
-427
-155
-208
-416
-60
-209
-481
-338
-361
-58
-328
-159
-190
-3
-413
-130
-83
-270
-436
-134
-173
-162
-341
-56
-173
-465
-177
-456
-33
-372
-368
-26
-464
-416
-83
-55
-62
-295
-52
-19
-438
-163
-106
-243
-147
-21
-376
-418
-141
-45
-367
-399
-310
-208
-99
-105
-253
-287
-106
-39
-10
-98
-270
-195
-438
-168
-42
-206
-158
-360
-345
-433
-51
-383
-106
-435
-194
-71
-187
-468
-189
-15
-417
-139
-435
-173
-204
-193
-392
-232
-426
-13
-310
-269
-173
-438
-370
-474
-386
7
-364
-449
-72
-350
-96
-115
-54
-242
-124
-236
-63
-8
-333
-39
-388
-397
-476
-469
-490
-144
-265
-49
-114
-251
-480
-456
-52
-97
-27
-354
-447
-422
-60
-421
-435
-69
-234
-471
-198
-199
-225
-190
-286
-448
-346
-463
-256
-144
-326
-9
-128
-167
2
-338
-203
-106
-476
-58
-60
-182
-188
-94
-241
-22
-368
-56
-400
-285
-388
-282
-321
-102
-38
-310
-31
-71
-435
-30
-239
-4
-73
-336
-316
-445
-323
-121
-488
-244
-374
-105
-87
-301
-431
-126
-298
-251
-152
-400
-454
-180
-134
-120
-9
-288
-178
-482
-143
-459
-10
-11
-403
-318
-495
-320
-487
-407
-484
-63
-381
-359
-366
-95
-274
-293
-460
-305
-278
-56
6
-183
-433
-241
-130
-119
-19
-86
-353
-118
-13
-436
-435
-137
-187
-446
-454
-387
-45
-324
-378
-199
-10
-253
-12
-191
-29
-200
-304
-219
-61
-101
1
-214
-54
-30
-115
-84
-307
-286
-269
-330
-36
-430
-188
-232
-277
-100
-14
-287
-457
-106
-382
-238
-118
-393
-389
-172
-385
-354
-10
-158
-324
-451
5
-462
-45
-121
-92
-450
-203
-376
-32
-256
-144
-260
-375
-291
-415
-174
-251
-426
-482
-100
-132
-98
-53
-174
-85
-182
-459
-124
-345
4
-28
-133
-248
-278
-32
-232
-199
-420
-270
-488
-452
-409
-326
-106
-286
-145
-274
-142
-49
-297
-67
-46
-470
-425
-299
-437
-224
-305
-53
-56
-51
-82
-324
-360
-410
-338
-143
-8
-144
-376
-288
-432
-397
-467
-50
-248
-268
-60
-4
-500
-440
-37
-387
-70
-281
-465
-146
-195
-226
-419
-92
-123
-348
-321
-246
-409
-20
-411
-353
-241
-47
-194
-180
-74
-471
-380
-64
-91
0
-171
-134
-231
-232
-284
-313
-125
-250
-453
-183
-372
-205
-53
-243
-245
-275
-362
7
-475
7
-54
-332
-365
-468
-11
-141
-104
-181
-257
-102
-432
-42
-332
-91
-41
-494
-405
-495
-164
-255
-275
-380
-497
-279
-445
-126
-180
-235
-427
-461
-436
-291
-92
-108
-338
-270
-13
-44
-231
-222
-319
-71
-331
-196
-287
-155
-113
-250
2
-435
-289
-276
-252
-233
-309
-63
-393
-457
-439
-300
-189
-85
-70
-303
-498
-266
-85
-25
-345
-462
-499
-273
5
-6
-97
-328
-216
-489
-263
-379
-146
-212
-367
-435
-445
-317
-375
-309
-173
-66
-379
5
-441
-250
-220
-345
-156
-124
-363
-30
-451
-246
-64
-154
-402
-23
-53
-487
-345
-498
-486
-143
-45
-427
-213
-468
-420
-86
-396
-160
-24
-336
-433
-99
-494
-188
-424
-326
-288
-268
-233
-373
-33
-190
-383
-404
-400
-390
-173
-34
-69
-224
-136
-159
-225
-439
-133
-196
-242
-497
-138
-79
-97
-455
-213
-480
-172
-470
-350
-343
-86
-271
-441
-469
-263
-389
-490
-224
-336
-443
-238
-375
-262
-307
-476
-351
-323
-227
-375
-349
-234
-411
-140
-108
-45
-487
-333
-448
-358
-260
-355
-244
-106
-318
-295
-253
-449
-454
-324
-384
-41
-295
-387
-380
-278
-324
-166
-423
-133
-432
-23
-404
-319
-450
-372
-131
-203
-244
-186
-173
-137
-325
-466
-40
-6
-443
-293
-217
-293
-116
-394
-105
-281
-224
-396
-469
-382
-242
-80
-492
-236
-47
-70
-170
-194
-37
-415
-232
-303
-274
-385
-122
-23
-486
-374
-424
-170
-453
-276
-215
-481
-479
-275
-66
-115
-437
-166
-459
-468
-352
-334
-3
-307
-84
-401
-387
-483
-24
-444
-372
-286
-111
-208
-168
-109
-319
-67
-269
-160
-459
-457
-230
-197
-64
-466
-145
-396
-124
-190
-77
-496
-418
-451
-381
-266
-268
-32
-386
-146
-173
-110
-257
-103
-241
-245
-204
-393
-385
-351
-187
-438
-93
-137
-374
-194
-130
-276
-298
-148
-317
-300
-89
-290
0
-137
-192
-183
-15
-427
-422
-237
-14
-174
-86
-403
-405
-399
-191
-114
-390
-440
-38
-256
-262
-410
-138
-333
-248
-478
-459
-385
-51
-482
-163
-464
6
-390
-352
-94
-19
-20
-183
-172
-182
-274
-85
-185
-196
-122
-34
-125
-169
-245
-481
-374
-53
-87
-74
-198
-304
-403
-453
-447
-112
-125
-432
-200
-172
3
-464
-404
-319
-235
-487
-317
-25
-380
-461
-154
-202
-352
-318
-207
-316
-144
-460
6
-88
-138
-160
-274
-83
-31
-431
-96
-186
-85
-491
-281
-165
3
-375
-238
-66
-258
-409
-83
-351
-78
-316
-194
-177
-48
-460
-292
-185
-108
-90
-493
-81
-78
-314
-78
-490
-410
-49
-86
-355
-486
-41
-301
-271
-77
-22
-61
-476
-261
-3
-243
-414
-23
-178
-484
-137
-260
-332
-83
-259
-234
-52
-66
-312
-440
-122
-393
-182
-170
-472
-466
-236
-5
-96
-207
-163
-497
-90
-388
-191
-266
-74
-14
-316
-97
-147
-366
-129
-391
-121
-403
-237
-244
-211
-268
-35
-406
-346
-54
-260
-55
-39
-120
-475
-3
-464
-118
-119
-179
-466
-56
-59
-63
-318
-207
-197
-457
-403
-351
-132
-272
-451
-32
-344
-363
-26
-356
-201
-186
-421
-388
-4
-105
-253
-168
-348
-314
-184
-220
-126
-303
-345
-462
-321
-160
-153
-461
-324
-343
-154
-118
-270
-268
-489
-244
-234
-383
-292
-403
-33
-140
-130
-141
-28
-226
-244
-222
-476
-91
-144
-282
-79
-42
-3
-490
-143
-287
-268
-494
-49
-5
-366
-344
-285
-39
-30
-125
-92
-353
-66
-55
-175
-164
-188
-244
-252
-450
3
-391
-392
-229
-83
-301
-286
-420
-443
-479
-142
-492
-249
-313
-485
-338
-33
-270
-335
-275
-129
-343
-366
-381
-70
-408
-315
-65
-455
-97
-266
-426
-482
-44
-472
-69
-129
-131
-311
-132
-483
-5
-430
-152
-323
-493
-467
-289
-121
-406
-49
-76
-89
-133
-40
-164
-326
-87
-369
-491
-270
-188
-73
-162
-455
-298
-85
-51
-212
-343
-448
-324
-305
-351
-288
-153
-307
-485
-9
-186
-251
-343
-182
1
-410
-277
-140
-324
2
-236
-17
-194
-435
-219
-408
-29
-335
-445
-119
-442
-479
-255
-94
-7
-477
-357
-137
-432
-303
-32
-320
-152
-158
-226
-190
-193
-291
-202
-431
-275
-29
-339
-234
-42
-403
-285
-152
-343
-458
-37
-105
-430
-330
-303
-34
-129
-330
-53
-185
-174
-275
-493
-393
-330
-451
-353
-277
-364
-262
-237
-424
-26
-27
-261
-80
-277
-468
-253
-11
-281
-477
-484
-346
-285
-294
-246
-96
-382
-53
-410
-374
-88
-482
-354
-242
-27
-218
-171
-392
-161
-114
1
-150
-297
-273
-266
-230
-341
-478
-97
-116
-56
-493
-285
-404
-418
-52
-228
-31
-171
-102
-413
-322
-470
9
-120
-135
-284
-180
-234
-228
-264
-277
-289
-57
-342
-383
-485
-300
-492
-205
-10
-56
-377
-467
-410
-361
-256
-376
-166
-53
-252
-341
-279
-333
-141
-294
-418
-277
-221
-13
-486
-299
-159
-108
-85
-297
-255
-11
-412
3
-369
-430
-384
-432
-222
-445
-462
-398
-108
-413
-202
-248
-93
-298
-440
-244
-277
-34
-281
-459
-332
-208
-500
-410
-163
-61
-121
-425
-369
-286
-232
-364
4
-236
-374
-324
-453
-76
-451
-296
-264
-361
-100
-364
9
-74
-157
-19
-378
-178
-36
-403
-233
-6
-404
-356
-207
-144
-214
-19
-192
-175
-201
-207
-231
-359
-195
-487
-444
-85
-312
-476
-404
-490
-431
-94
-76
-107
-406
-83
-478
-246
-80
-268
-5
-263
-43
-82
-148
-404
-85
-151
-127
-229
-316
-380
-239
-462
-403
-224
-23
-345
-158
-303
-121
-1
-425
-138
-362
-490
-141
-38
-107
-394
3
-219
-14
-413
-44
-164
-32
-221
-246
-474
-24
-346
-173
-308
-496
-274
-256
-469
-305
-154
-423
-409
-140
-168
-466
-318
-176
-105
-105
-172
-295
-71
-473
-131
-291
-34
-364
-352
-194
-23
-335
-36
-248
-204
-234
-404
-33
-198
-196
-128
-142
-169
-424
-151
-348
-419
-199
-407
2
-368
-364
-296
2
-156
-184
-312
-416
-305
-493
-427
3
-106
-319
-67
-340
-340
-256
-277
-126
-375
-488
-149
-285
-411
-347
-117
-303
-3
-166
-217
-309
-400
-117
-463
-79
-442
-449
-50
-102
-331
-300
-497
-150
-85
-445
-73
-105
-129
-234
-430
-26
-98
-55
-350
-489
-141
-496
-210
-141
-498
-494
-106
-485
-76
-421
-286
-69
-395
-248
-164
-200
-299
-121
-376
-85
-331
-61
-39
-420
-22
-67
-41
3
-389
-271
-162
-400
-199
-423
-289
-178
-499
7
-497
-353
-371
-355
-229
-337
-468
-303
-281
-72
-223
-436
-149
-159
-16
-252
-470
-107
-410
-177
-33
-352
-442
-57
-263
-291
-12
-338
-271
-255
-497
-454
-349
-27
-428
-104
-76
-380
-242
-457
-333
-170
-161
-94
-455
-77
-220
-288
-493
-491
-469
-420
-191
-494
-277
-38
-157
-335
-477
-246
-478
-333
-201
-160
-329
-246
-64
-141
-199
-406
-376
-50
-252
-461
-262
-37
-237
-21
-446
-51
8
-331
-325
-233
6
-177
-276
-175
-189
-227
-184
-59
-154
-275
-56
-435
-179
-289
-271
-189
-6
-145
-270
-217
-436
-76
-180
-421
-273
-327
-225
-382
-341
-411
-7
-493
-375
-83
-82
-369
-395
-169
-65
-133
-387
-153
-56
-201
-285
-302
4
-425
-116
-63
-159
-40
-31
-107
-457
-257
-174
-174
-365
-42
-48
-163
-471
-72
-47
-492
-306
-257
-194
-121
-406
-275
-481
-190
-375
-391
-491
-175
-232
-388
-457
-145
-219
-128
-390
-477
-18
-394
-464
-386
-340
-409
-73
-396
-79
-117
-345
-427
-155
-387
-109
-231
-233
-374
-415
-290
-2
-346
-118
-366
-213
-6
-347
-173
-25
-244
-245
-387
-70
-332
-248
-117
-313
-131
-198
-25
-335
-137
-465
-396
-492
-471
-499
-421
-400
-39
-461
-248
-208
-31
-210
-365
-385
-441
-140
-172
-158
-172
-36
-222
-484
-101
-51
-403
-101
-393
-258
-42
-414
-450
-487
-56
-301
-27
-472
-198
-322
-342
-314
-90
-192
-449
-303
-1
-116
-53
-405
-81
-412
-164
8
-126
-297
-456
-300
-258
-418
-426
-224
-377
-43
-441
-344
-22
-486
-101
-6
-168
-368
-409
-126
-203
-309
-130
-67
-250
-393
-96
-261
-270
-103
-398
-443
-383
-301
-489
-6
-441
-467
-419
-361
-408
-497
-397
-132
-102
-211
-263
-207
-449
-42
-146
-487
-468
-163
-451
-400
-392
-4
-197
-68
-142
-172
-269
-350
-229
-407
-478
-425
-484
-19
-28
-489
-373
-322
-440
-9
-167
-464
-168
-46
-301
-187
-451
-238
-52
-209
-427
-150
-162
-64
-183
-282
-338
-123
-46
-446
-271
-8
-182
-388
-460
-431
-260
-149
-344
-8
-319
-91
-18
-120
-86
-76
-227
-100
-439
-456
-467
-4
-390
-255
-382
-238
-128
-334
-415
-159
-199
-87
-380
-34
-100
-354
-415
-239
-36
-500
-355
-419
-481
-491
-444
-35
-437
-458
-341
-164
-243
-222
-42
-29
-302
-419
-333
-239
-77
-86
-32
-375
-123
-6
-402
-348
-375
-416
-194
-312
-338
-219
-233
-237
-33
-151
-226
-363
-478
-331
-265
-475
-190
-466
-252
-349
-445
-193
-34
-419
-411
-167
-138
-250
-499
-96
-59
-469
6
-466
-375
-23
-67
4
-390
-115
-453
-282
-415
-499
-107
-247
-27
-164
-136
-38
-60
-62
-462
-426
-468
-202
-139
-350
-427
-414
-95
-175
-394
-484
-473
-347
-415
-82
-25
-321
-180
-386
-145
-288
-33
-243
-132
-122
-500
-450
-197
-391
-319
-179
-413
-212
-489
-366
-89
-484
-195
-430
-496
-89
-24
-62
-21
-368
-305
-173
-150
-18
-396
-98
-215
-270
-91
-351
-344
-332
-114
-76
-117
-341
-247
-330
-325
-222
-393
-108
-195
-27
2
-191
-202
-149
-45
-222
-247
-40
-488
-278
-353
-430
-218
-201
-147
-445
-17
-190
-302
-278
-383
-283
-334
-151
-157
-34
-118
-213
-392
-306
-134
-230
-297
-197
-487
-454
-328
-155
-441
-161
-216
-485
-170
-398
-98
-48
-495
-255
-384
-174
-23
-9
-93
-473
-467
-199
-221
-111
-348
-179
-137
-6
-8
-291
-308
-487
-243
-33
-151
-41
-333
-470
-148
-493
-283
-64
-409
-283
-210
-224
-81
-370
-258
-477
3
-49
-161
-225
-257
-183
-479
-358
-456
-28
-300
-201
-330
-343
-467
-2
-417
-14
-442
-388
-356
-68
-311
-305
-452
-220
-81
-314
-269
-47
-284
-356
-111
-165
-417
-238
-135
-174
-287
-144
-178
-174
-444
-360
-479
-195
-410
-189
-325
-369
-78
-313
-276
-252
-276
-372
-309
-205
-390
-153
-410
1
-101
-24
-472
-327
-349
-77
-461
-214
-343
-160
-303
-362
-481
-168
-181
-450
-263
-1
-326
-132
-320
-199
-121
-382
-431
-102
-110
-297
-478
-16
-162
-259
-287
-267
-482
-287
-444
-156
-198
-1
-413
-355
-116
-71
-209
-198
-404
-392
-181
-335
-444
-320
-460
-38
-280
-340
-105
-498
-151
-484
-153
-406
-367
-450
-196
-17
-391
-64
-1
-306
-418
-467
-197
-354
-197
-67
-148
-150
-84
-477
-268
-389
-252
-37
-456
-18
-499
-28
-483
-236
-123
-149
-145
-208
-270
-18
-438
-140
-129
-122
-32
-378
-422
-452
-66
-456
-345
-482
-369
-136
-31
-456
-371
-168
-329
-232
-279
-322
-311
-206
-264
-367
